{
  "advancedEditorSelectedIdentifier" : "ProjectBrowser",
  "openSceneRelativePaths" : [
    "Immersive.usda"
  ],
  "recentIdentifiers" : {
    "1D572CEB-057A-41C3-B575-04C37501A3C0" : [

    ]
  },
  "sceneCameraHistory" : {
    "1D572CEB-057A-41C3-B575-04C37501A3C0" : [
      {
        "date" : 747566980.913145,
        "title" : "Untitled",
        "transform" : [
          -0.41044638,
          -3.055547e-10,
          -0.9118848,
          0,
          -0.3182347,
          0.9371281,
          0.1432399,
          0,
          0.85455275,
          0.34898564,
          -0.38464078,
          0,
          44.56353,
          5.6333323,
          -1.2618906,
          1
        ]
      },
      {
        "date" : 747566956.090237,
        "title" : "Untitled",
        "transform" : [
          -0.20791976,
          -8.136638e-09,
          -0.97814596,
          0,
          -0.3273663,
          0.94233173,
          0.06958667,
          0,
          0.92173785,
          0.3346804,
          -0.19592938,
          0,
          46.167854,
          6.7657185,
          -1.7880414,
          1
        ]
      },
      {
        "date" : 747566945.656568,
        "title" : "Untitled",
        "transform" : [
          -0.48954087,
          1.1833922e-08,
          -0.8719803,
          0,
          -0.38801008,
          0.8955427,
          0.21783382,
          0,
          0.78089553,
          0.44497567,
          -0.4384047,
          0,
          45.40773,
          6.5530868,
          -2.64465,
          1
        ]
      },
      {
        "date" : 747566926.703953,
        "title" : "Untitled",
        "transform" : [
          -0.4941439,
          2.8830405e-09,
          -0.8693802,
          0,
          -0.056828126,
          0.9978614,
          0.03230034,
          0,
          0.86752087,
          0.06536626,
          -0.49308708,
          0,
          47.929077,
          5.618326,
          -3.41677,
          1
        ]
      },
      {
        "date" : 747566923.074533,
        "title" : "Untitled",
        "transform" : [
          -0.16805509,
          3.2851516e-10,
          -0.9857776,
          0,
          0.08632262,
          0.99615854,
          -0.0147162555,
          0,
          0.98199075,
          -0.087568045,
          -0.16740951,
          0,
          47.929077,
          5.618326,
          -3.41677,
          1
        ]
      },
      {
        "date" : 747566885.475202,
        "title" : "Untitled",
        "transform" : [
          0.739706,
          -1.8007373e-09,
          0.6729303,
          0,
          0.19252749,
          0.95819885,
          -0.21163222,
          0,
          -0.64480096,
          0.28610316,
          0.70878536,
          0,
          4.7212286,
          7.668255,
          9.824463,
          1
        ]
      },
      {
        "date" : 747566875.202814,
        "title" : "Untitled",
        "transform" : [
          0.9745525,
          1.949247e-08,
          0.22415952,
          0,
          0.1338545,
          0.8021374,
          -0.5819438,
          0,
          -0.17980674,
          0.59713954,
          0.781725,
          0,
          1.9427087,
          8.273687,
          6.038063,
          1
        ]
      },
      {
        "date" : 747566858.403397,
        "title" : "Untitled",
        "transform" : [
          0.32184505,
          -7.04919e-06,
          -0.94679236,
          0,
          -0.9127888,
          0.26558986,
          -0.31028813,
          0,
          0.25146064,
          0.9640862,
          0.085472345,
          0,
          3.6539276,
          6.871301,
          2.1657279,
          1
        ]
      },
      {
        "date" : 747566854.727523,
        "title" : "Untitled",
        "transform" : [
          0.20659013,
          -1.9793476e-06,
          -0.9784275,
          0,
          -0.92799133,
          0.3169212,
          -0.19594142,
          0,
          0.31008485,
          0.94845194,
          0.06547096,
          0,
          3.6539276,
          6.871301,
          2.1657279,
          1
        ]
      },
      {
        "date" : 747566848.540462,
        "title" : "Untitled",
        "transform" : [
          0.20659013,
          -1.9793476e-06,
          -0.9784275,
          0,
          -0.92799133,
          0.3169212,
          -0.19594142,
          0,
          0.31008485,
          0.94845194,
          0.06547096,
          0,
          3.2519226,
          5.6417,
          2.0808504,
          1
        ]
      }
    ]
  },
  "sceneViewportBackgroundColors" : {

  }
}